 -6   -13     1
    -4   -13     1
   -20   -10     1
   -17    -7     1
   -16   -14     1
    -4   -17     1
    -3   -13     1
   -16   -18     1
   -13   -12     1
   -12   -12     1
   -13    -4     1
   -12   -18     1
    -6    -2     1
   -19   -17     1
    -2   -20     1
   -16   -15     1
   -14    -3     1
   -15   -14     1
   -14    -8     1
    -2   -16     1
    -7   -15     1
   -10    -2     1
    -9   -15     1
   -19   -17     1
   -14    -6     1
   -19    -2     1
    -2   -17     1
    -3    -7     1
    -5   -15     1
   -14   -11     1
   -17    -1     1
   -12    -7     1
   -14   -11     1
    -8   -13     1
    -5   -18     1
    -8    -5     1
   -19   -15     1
    -1   -19     1
   -14    -9     1
    -7   -12     1
    -1   -17     1
    -3   -14     1
   -20    -5     1
   -19   -16     1
    -7   -20     1
   -13    -8     1
    -4    -4     1
    -7   -13     1
   -11    -1     1
    -4    -8     1
     1    17     1
     2    -3     1
     4     3     1
     1   -17     1
     3     3     1
     5   -12     1
     1   -19     1
     0    -9     1
    15     2     2
    10    19     2
     7    20     2
     7    13     2
    12    18     2
    11     2     2
    20     2     2
    20    12     2
     3    11     2
    19    16     2
    10     6     2
    11    20     2
    17     6     2
    12    10     2
     6     5     2
     7    15     2
     6     8     2
    12     1     2
     3     1     2
     1    16     2
    12    14     2
    20    10     2
    17    20     2
    13    11     2
    17    15     2
     2    13     2
     8     9     2
    14    19     2
    19     7     2
     6     2     2
    16    10     2
    10     1     2
     2    20     2
     7     4     2
     2     9     2
    16    13     2
    15    13     2
    12    10     2
    20     8     2
    16    10     2
     2     1     2
     2    17     2
    19    14     2
     1    14     2
     7    15     2
     7     5     2
     3     6     2
    16     9     2
    16     7     2
    12     7     2
    -4    19     2
     0    13     2
    -4   -19     2
    -5     0     2
     0    17     2
    -4    17     2
    -1   -15     2
    -2    -3     2
